cs: 0.612440
ctin: 0.703297
cs: 0.640000
