A: 0.307692
A: 0.597015
F: 0.463602
G: 0.707602
J: 0.463602
J: 0.707602
