banana: 0.825806
apple: 0.835052
apple: 0.810300
