BISC-120: 0.782609
MUSIC-102: 0.992343
EE-109: 0.998716
CSCI-104: 0.994882
WRIT-150: 0.989817
BISC-220: 0.999143
